0.580685 0.280730 0.000000,
0.572399 0.312444 0.000000,
0.582114 0.323016 0.000000,
0.601828 0.312444 0.000000,
0.623542 0.280730 0.000000,
0.534114 0.280730 0.235486,
0.526399 0.312444 0.232229,
0.535542 0.323016 0.236029,
0.553542 0.312444 0.243771,
0.573828 0.280730 0.252314,
0.406685 0.280730 0.426000,
0.400685 0.312444 0.420000,
0.407542 0.323016 0.426857,
0.421542 0.312444 0.440857,
0.436971 0.280730 0.456286,
0.216171 0.280730 0.553429,
0.212914 0.312444 0.545714,
0.216714 0.323016 0.554857,
0.224457 0.312444 0.572857,
0.232999 0.280730 0.593143,
-0.019315 0.280730 0.600000,
-0.019315 0.312444 0.591714,
-0.019315 0.323016 0.601429,
-0.019315 0.312444 0.621143,
-0.019315 0.280730 0.642857,
-0.271086 0.280730 0.553429,
-0.258401 0.312444 0.545714,
-0.257372 0.323016 0.554857,
-0.263343 0.312444 0.572857,
-0.271629 0.280730 0.593143,
-0.459886 0.280730 0.426000,
-0.445601 0.312444 0.420000,
-0.448172 0.323016 0.426857,
-0.460458 0.312444 0.440857,
-0.475601 0.280730 0.456286,
-0.578172 0.280730 0.235486,
-0.567315 0.312444 0.232229,
-0.574743 0.323016 0.236029,
-0.592458 0.312444 0.243771,
-0.612458 0.280730 0.252314,
-0.619315 0.280730 0.000000,
-0.611029 0.312444 0.000000,
-0.620743 0.323016 0.000000,
-0.640458 0.312444 0.000000,
-0.662172 0.280730 0.000000,
-0.572743 0.280730 -0.235486,
-0.565029 0.312444 -0.232229,
-0.574172 0.323016 -0.236029,
-0.592172 0.312444 -0.243771,
-0.612458 0.280730 -0.252314,
-0.445315 0.280730 -0.426000,
-0.439315 0.312444 -0.420000,
-0.446172 0.323016 -0.426857,
-0.460172 0.312444 -0.440857,
-0.475601 0.280730 -0.456286,
-0.254801 0.280730 -0.553429,
-0.251543 0.312444 -0.545714,
-0.255343 0.323016 -0.554857,
-0.263086 0.312444 -0.572857,
-0.271629 0.280730 -0.593143,
-0.019315 0.280730 -0.600000,
-0.019315 0.312444 -0.591714,
-0.019315 0.323016 -0.601429,
-0.019315 0.312444 -0.621143,
-0.019315 0.280730 -0.642857,
0.216171 0.280730 -0.553429,
0.212914 0.312444 -0.545714,
0.216714 0.323016 -0.554857,
0.224457 0.312444 -0.572857,
0.232999 0.280730 -0.593143,
0.406685 0.280730 -0.426000,
0.400685 0.312444 -0.420000,
0.407542 0.323016 -0.426857,
0.421542 0.312444 -0.440857,
0.436971 0.280730 -0.456286,
0.534114 0.280730 -0.235486,
0.526399 0.312444 -0.232229,
0.535542 0.323016 -0.236029,
0.553542 0.312444 -0.243771,
0.573828 0.280730 -0.252314,
0.702114 0.112444 0.000000,
0.770971 -0.052698 0.000000,
0.819542 -0.211841 0.000000,
0.837828 -0.362127 0.000000,
0.646399 0.112444 0.283200,
0.709542 -0.052698 0.310286,
0.754399 -0.211841 0.329143,
0.771257 -0.362127 0.336571,
0.492971 0.112444 0.512286,
0.541828 -0.052698 0.561143,
0.576114 -0.211841 0.595429,
0.589257 -0.362127 0.608571,
0.263885 0.112444 0.665714,
0.290971 -0.052698 0.728857,
0.309828 -0.211841 0.773714,
0.317257 -0.362127 0.790571,
-0.019315 0.112444 0.721429,
-0.019315 -0.052698 0.790286,
-0.019315 -0.211841 0.838857,
-0.019315 -0.362127 0.857143,
-0.302515 0.112444 0.665714,
-0.329601 -0.052698 0.728857,
-0.348458 -0.211841 0.773714,
-0.355886 -0.362127 0.790571,
-0.531601 0.112444 0.512286,
-0.580458 -0.052698 0.561143,
-0.614743 -0.211841 0.595429,
-0.627886 -0.362127 0.608571,
-0.685029 0.112444 0.283200,
-0.748172 -0.052698 0.310286,
-0.793029 -0.211841 0.329143,
-0.809886 -0.362127 0.336571,
-0.740743 0.112444 0.000000,
-0.809601 -0.052698 0.000000,
-0.858172 -0.211841 0.000000,
-0.876458 -0.362127 0.000000,
-0.685029 0.112444 -0.283200,
-0.748172 -0.052698 -0.310286,
-0.793029 -0.211841 -0.329143,
-0.809886 -0.362127 -0.336571,
-0.531601 0.112444 -0.512286,
-0.580458 -0.052698 -0.561143,
-0.614743 -0.211841 -0.595429,
-0.627886 -0.362127 -0.608571,
-0.302515 0.112444 -0.665714,
-0.329601 -0.052698 -0.728857,
-0.348458 -0.211841 -0.773714,
-0.355886 -0.362127 -0.790571,
-0.019315 0.112444 -0.721429,
-0.019315 -0.052698 -0.790286,
-0.019315 -0.211841 -0.838857,
-0.019315 -0.362127 -0.857143,
0.263885 0.112444 -0.665714,
0.290971 -0.052698 -0.728857,
0.309828 -0.211841 -0.773714,
0.317257 -0.362127 -0.790571,
0.492971 0.112444 -0.512286,
0.541828 -0.052698 -0.561143,
0.576114 -0.211841 -0.595429,
0.589257 -0.362127 -0.608571,
0.646399 0.112444 -0.283200,
0.709542 -0.052698 -0.310286,
0.754399 -0.211841 -0.329143,
0.771257 -0.362127 -0.336571,
0.804399 -0.489184 0.000000,
0.730685 -0.583098 0.000000,
0.656971 -0.646898 0.000000,
0.623542 -0.683556 0.000000,
0.740399 -0.489184 0.323429,
0.672685 -0.583098 0.294286,
0.604685 -0.646898 0.265457,
0.573828 -0.683556 0.252314,
0.565542 -0.489184 0.584857,
0.513257 -0.583098 0.532571,
0.460971 -0.646898 0.480286,
0.436971 -0.683556 0.456286,
0.304114 -0.489184 0.759714,
0.274971 -0.583098 0.692000,
0.246142 -0.646898 0.624000,
0.232999 -0.683556 0.593143,
-0.019315 -0.489184 0.823714,
-0.019315 -0.583098 0.750000,
-0.019315 -0.646898 0.676286,
-0.019315 -0.683556 0.642857,
-0.342743 -0.489184 0.759714,
-0.313601 -0.583098 0.692000,
-0.284772 -0.646898 0.624000,
-0.271629 -0.683556 0.593143,
-0.604172 -0.489184 0.584857,
-0.551886 -0.583098 0.532571,
-0.499601 -0.646898 0.480286,
-0.475601 -0.683556 0.456286,
-0.779029 -0.489184 0.323429,
-0.711315 -0.583098 0.294286,
-0.643315 -0.646898 0.265457,
-0.612458 -0.683556 0.252314,
-0.843029 -0.489184 0.000000,
-0.769315 -0.583098 0.000000,
-0.695601 -0.646898 0.000000,
-0.662172 -0.683556 0.000000,
-0.779029 -0.489184 -0.323429,
-0.711315 -0.583098 -0.294286,
-0.643315 -0.646898 -0.265457,
-0.612458 -0.683556 -0.252314,
-0.604172 -0.489184 -0.584857,
-0.551886 -0.583098 -0.532571,
-0.499601 -0.646898 -0.480286,
-0.475601 -0.683556 -0.456286,
-0.342743 -0.489184 -0.759714,
-0.313601 -0.583098 -0.692000,
-0.284772 -0.646898 -0.624000,
-0.271629 -0.683556 -0.593143,
-0.019315 -0.489184 -0.823714,
-0.019315 -0.583098 -0.750000,
-0.019315 -0.646898 -0.676286,
-0.019315 -0.683556 -0.642857,
0.304114 -0.489184 -0.759714,
0.274971 -0.583098 -0.692000,
0.246142 -0.646898 -0.624000,
0.232999 -0.683556 -0.593143,
0.565542 -0.489184 -0.584857,
0.513257 -0.583098 -0.532571,
0.460971 -0.646898 -0.480286,
0.436971 -0.683556 -0.456286,
0.740399 -0.489184 -0.323429,
0.672685 -0.583098 -0.294286,
0.604685 -0.646898 -0.265457,
0.573828 -0.683556 -0.252314,
0.608971 -0.707156 0.000000,
0.531257 -0.727753 0.000000,
0.338685 -0.742316 0.000000,
-0.019315 -0.747841 0.000000,
0.560399 -0.707156 0.246600,
0.488399 -0.727753 0.216057,
0.310971 -0.742316 0.140543,
0.426685 -0.707156 0.446000,
0.371542 -0.727753 0.390857,
0.234942 -0.742316 0.254257,
0.227285 -0.707156 0.579714,
0.196742 -0.727753 0.507714,
0.121228 -0.742316 0.330286,
-0.019315 -0.707156 0.628286,
-0.019315 -0.727753 0.550571,
-0.019315 -0.742316 0.358000,
-0.265915 -0.707156 0.579714,
-0.235372 -0.727753 0.507714,
-0.159858 -0.742316 0.330286,
-0.465315 -0.707156 0.446000,
-0.410172 -0.727753 0.390857,
-0.273572 -0.742316 0.254257,
-0.599029 -0.707156 0.246600,
-0.527029 -0.727753 0.216057,
-0.349601 -0.742316 0.140543,
-0.647601 -0.707156 0.000000,
-0.569886 -0.727753 0.000000,
-0.377315 -0.742316 0.000000,
-0.599029 -0.707156 -0.246600,
-0.527029 -0.727753 -0.216057,
-0.349601 -0.742316 -0.140543,
-0.465315 -0.707156 -0.446000,
-0.410172 -0.727753 -0.390857,
-0.273572 -0.742316 -0.254257,
-0.265915 -0.707156 -0.579714,
-0.235372 -0.727753 -0.507714,
-0.159858 -0.742316 -0.330286,
-0.019315 -0.707156 -0.628286,
-0.019315 -0.727753 -0.550571,
-0.019315 -0.742316 -0.358000,
0.227285 -0.707156 -0.579714,
0.196742 -0.727753 -0.507714,
0.121228 -0.742316 -0.330286,
0.426685 -0.707156 -0.446000,
0.371542 -0.727753 -0.390857,
0.234942 -0.742316 -0.254257,
0.560399 -0.707156 -0.246600,
0.488399 -0.727753 -0.216057,
0.310971 -0.742316 -0.140543,
-0.705029 0.120159 0.000000,
-0.905315 0.118444 0.000000,
-1.053315 0.107873 0.000000,
-1.145029 0.079301 0.000000,
-1.176458 0.023587 0.000000,
-0.698458 0.135016 0.072314,
-0.911315 0.133302 0.072314,
-1.067600 0.121016 0.072314,
-1.163601 0.088159 0.072314,
-1.196458 0.023587 0.072314,
-0.683601 0.168159 0.096429,
-0.924458 0.165873 0.096429,
-1.098743 0.150159 0.096429,
-1.205029 0.107302 0.096429,
-1.240743 0.023587 0.096429,
-0.668743 0.201302 0.072314,
-0.937601 0.198730 0.072314,
-1.130172 0.179016 0.072314,
-1.246172 0.126444 0.072314,
-1.285029 0.023587 0.072314,
-0.662172 0.216444 0.000000,
-0.943315 0.213302 0.000000,
-1.144458 0.192444 0.000000,
-1.264743 0.135016 0.000000,
-1.305029 0.023587 0.000000,
-0.668743 0.201302 -0.072314,
-0.937601 0.198730 -0.072314,
-1.130172 0.179016 -0.072314,
-1.246172 0.126444 -0.072314,
-1.285029 0.023587 -0.072314,
-0.683601 0.168159 -0.096429,
-0.924458 0.165873 -0.096429,
-1.098743 0.150159 -0.096429,
-1.205029 0.107302 -0.096429,
-1.240743 0.023587 -0.096429,
-0.698458 0.135016 -0.072314,
-0.911315 0.133302 -0.072314,
-1.067600 0.121016 -0.072314,
-1.163601 0.088159 -0.072314,
-1.196458 0.023587 -0.072314,
-1.159600 -0.063841 0.000000,
-1.106743 -0.169270 0.000000,
-1.013601 -0.274698 0.000000,
-0.876458 -0.362127 0.000000,
-1.177886 -0.072127 0.072314,
-1.119886 -0.182127 0.072314,
-1.018172 -0.290698 0.072314,
-0.869886 -0.382127 0.072314,
-1.218172 -0.090699 0.096429,
-1.148458 -0.210413 0.096429,
-1.028172 -0.325556 0.096429,
-0.855029 -0.426413 0.096429,
-1.258172 -0.109270 0.072314,
-1.176743 -0.238699 0.072314,
-1.038172 -0.360413 0.072314,
-0.840172 -0.470613 0.072314,
-1.276458 -0.117841 0.000000,
-1.189886 -0.251556 0.000000,
-1.042743 -0.376413 0.000000,
-0.833601 -0.490699 0.000000,
-1.258172 -0.109270 -0.072314,
-1.176743 -0.238699 -0.072314,
-1.038172 -0.360413 -0.072314,
-0.840172 -0.470613 -0.072314,
-1.218172 -0.090699 -0.096429,
-1.148458 -0.210413 -0.096429,
-1.028172 -0.325556 -0.096429,
-0.855029 -0.426413 -0.096429,
-1.177886 -0.072127 -0.072314,
-1.119886 -0.182127 -0.072314,
-1.018172 -0.290698 -0.072314,
-0.869886 -0.382127 -0.072314,
0.709257 -0.137270 0.000000,
0.914971 -0.089841 0.000000,
1.003828 0.023587 0.000000,
1.052685 0.161301 0.000000,
1.137828 0.280730 0.000000,
0.709257 -0.192413 0.159114,
0.930399 -0.130984 0.143657,
1.024114 -0.000127 0.109686,
1.077257 0.152444 0.075714,
1.178114 0.280730 0.060257,
0.709257 -0.313841 0.212143,
0.964971 -0.220984 0.191543,
1.068114 -0.052698 0.146257,
1.131257 0.133587 0.100943,
1.266400 0.280730 0.080371,
0.709257 -0.435556 0.159114,
0.999542 -0.310984 0.143657,
1.112399 -0.105270 0.109686,
1.184971 0.114444 0.075714,
1.354685 0.280730 0.060257,
0.709257 -0.490699 0.000000,
1.015257 -0.352127 0.000000,
1.132399 -0.128984 0.000000,
1.209542 0.105873 0.000000,
1.394971 0.280730 0.000000,
0.709257 -0.435556 -0.159114,
0.999542 -0.310984 -0.143657,
1.112399 -0.105270 -0.109686,
1.184971 0.114444 -0.075714,
1.354685 0.280730 -0.060257,
0.709257 -0.313841 -0.212143,
0.964971 -0.220984 -0.191543,
1.068114 -0.052698 -0.146257,
1.131257 0.133587 -0.100943,
1.266400 0.280730 -0.080371,
0.709257 -0.192413 -0.159114,
0.930399 -0.130984 -0.143657,
1.024114 -0.000127 -0.109686,
1.077257 0.152444 -0.075714,
1.178114 0.280730 -0.060257,
1.168685 0.298730 0.000000,
1.191542 0.304730 0.000000,
1.198114 0.298730 0.000000,
1.180685 0.280730 0.000000,
1.211542 0.299587 0.056514,
1.231828 0.306159 0.048200,
1.232400 0.300159 0.039914,
1.207542 0.280730 0.036171,
1.306399 0.301587 0.075343,
1.320685 0.309302 0.064286,
1.307828 0.302730 0.053229,
1.266400 0.280730 0.048229,
1.400971 0.303587 0.056514,
1.409542 0.312444 0.048200,
1.383257 0.305587 0.039914,
1.325257 0.280730 0.036171,
1.444114 0.304444 0.000000,
1.449828 0.313873 0.000000,
1.417542 0.306730 0.000000,
1.352114 0.280730 0.000000,
1.400971 0.303587 -0.056514,
1.409542 0.312444 -0.048200,
1.383257 0.305587 -0.039914,
1.325257 0.280730 -0.036171,
1.306399 0.301587 -0.075343,
1.320685 0.309302 -0.064286,
1.307828 0.302730 -0.053229,
1.266400 0.280730 -0.048229,
1.211542 0.299587 -0.056514,
1.231828 0.306159 -0.048200,
1.232400 0.300159 -0.039914,
1.207542 0.280730 -0.036171,
-0.019315 0.602159 0.000000,
0.126657 0.581016 0.000000,
0.119971 0.529873 0.000000,
0.065057 0.466444 0.000000,
0.066399 0.409302 0.000000,
0.115399 0.581016 0.057457,
0.109228 0.529873 0.054800,
0.058542 0.466444 0.033171,
0.059771 0.409302 0.033657,
0.084457 0.581016 0.103771,
0.079685 0.529873 0.099000,
0.040628 0.466444 0.059943,
0.041542 0.409302 0.060857,
0.038142 0.581016 0.134714,
0.035485 0.529873 0.128543,
0.013857 0.466444 0.077857,
0.014342 0.409302 0.079086,
-0.019315 0.581016 0.145971,
-0.019315 0.529873 0.139286,
-0.019315 0.466444 0.084371,
-0.019315 0.409302 0.085714,
-0.076772 0.581016 0.134714,
-0.074115 0.529873 0.128543,
-0.052486 0.466444 0.077857,
-0.052972 0.409302 0.079086,
-0.123086 0.581016 0.103771,
-0.118315 0.529873 0.099000,
-0.079258 0.466444 0.059943,
-0.080172 0.409302 0.060857,
-0.154029 0.581016 0.057457,
-0.147858 0.529873 0.054800,
-0.097172 0.466444 0.033171,
-0.098401 0.409302 0.033657,
-0.165286 0.581016 0.000000,
-0.158601 0.529873 0.000000,
-0.103686 0.466444 0.000000,
-0.105029 0.409302 0.000000,
-0.154029 0.581016 -0.057457,
-0.147858 0.529873 -0.054800,
-0.097172 0.466444 -0.033171,
-0.098401 0.409302 -0.033657,
-0.123086 0.581016 -0.103771,
-0.118315 0.529873 -0.099000,
-0.079258 0.466444 -0.059943,
-0.080172 0.409302 -0.060857,
-0.076772 0.581016 -0.134714,
-0.074115 0.529873 -0.128543,
-0.052486 0.466444 -0.077857,
-0.052972 0.409302 -0.079086,
-0.019315 0.581016 -0.145971,
-0.019315 0.529873 -0.139286,
-0.019315 0.466444 -0.084371,
-0.019315 0.409302 -0.085714,
0.038142 0.581016 -0.134714,
0.035485 0.529873 -0.128543,
0.013857 0.466444 -0.077857,
0.014342 0.409302 -0.079086,
0.084457 0.581016 -0.103771,
0.079685 0.529873 -0.099000,
0.040628 0.466444 -0.059943,
0.041542 0.409302 -0.060857,
0.115399 0.581016 -0.057457,
0.109228 0.529873 -0.054800,
0.058542 0.466444 -0.033171,
0.059771 0.409302 -0.033657,
0.176228 0.371016 0.000000,
0.334114 0.345016 0.000000,
0.476114 0.319016 0.000000,
0.537828 0.280730 0.000000,
0.161057 0.371016 0.076743,
0.306971 0.345016 0.138771,
0.437828 0.319016 0.194486,
0.494685 0.280730 0.218686,
0.119514 0.371016 0.138829,
0.231714 0.345016 0.251029,
0.332399 0.319016 0.351714,
0.376399 0.280730 0.395714,
0.057428 0.371016 0.180371,
0.119457 0.345016 0.326286,
0.175171 0.319016 0.457143,
0.199371 0.280730 0.514000,
-0.019315 0.371016 0.195543,
-0.019315 0.345016 0.353429,
-0.019315 0.319016 0.495429,
-0.019315 0.280730 0.557143,
-0.096058 0.371016 0.180371,
-0.158086 0.345016 0.326286,
-0.213801 0.319016 0.457143,
-0.238001 0.280730 0.514000,
-0.158143 0.371016 0.138829,
-0.270343 0.345016 0.251029,
-0.371029 0.319016 0.351714,
-0.415029 0.280730 0.395714,
-0.199686 0.371016 0.076743,
-0.345601 0.345016 0.138771,
-0.476458 0.319016 0.194486,
-0.533315 0.280730 0.218686,
-0.214858 0.371016 0.000000,
-0.372743 0.345016 0.000000,
-0.514743 0.319016 0.000000,
-0.576458 0.280730 0.000000,
-0.199686 0.371016 -0.076743,
-0.345601 0.345016 -0.138771,
-0.476458 0.319016 -0.194486,
-0.533315 0.280730 -0.218686,
-0.158143 0.371016 -0.138829,
-0.270343 0.345016 -0.251029,
-0.371029 0.319016 -0.351714,
-0.415029 0.280730 -0.395714,
-0.096058 0.371016 -0.180371,
-0.158086 0.345016 -0.326286,
-0.213801 0.319016 -0.457143,
-0.238001 0.280730 -0.514000,
-0.019315 0.371016 -0.195543,
-0.019315 0.345016 -0.353429,
-0.019315 0.319016 -0.495429,
-0.019315 0.280730 -0.557143,
0.057428 0.371016 -0.180371,
0.119457 0.345016 -0.326286,
0.175171 0.319016 -0.457143,
0.199371 0.280730 -0.514000,
0.119514 0.371016 -0.138829,
0.231714 0.345016 -0.251029,
0.332399 0.319016 -0.351714,
0.376399 0.280730 -0.395714,
0.161057 0.371016 -0.076743,
0.306971 0.345016 -0.138771,
0.437828 0.319016 -0.194486,
0.494685 0.280730 -0.218686,
