-0.964794 -0.255225 -0.063506 
-0.970161 0.242315 0.008401 
-0.164809 0.985052 0.050103 
0.665553 0.746259 0.011701 
0.867778 0.496945 0.002600 
-0.866671 -0.255921 -0.428235 
-0.899591 0.242925 -0.362937 
-0.171703 0.985016 -0.016200 
0.609647 0.747057 0.265020 
0.800364 0.497840 0.334027 
-0.636961 -0.256224 -0.727069 
-0.691967 0.242824 -0.679866 
-0.151813 0.985084 -0.081007 
0.461247 0.747476 0.478049 
0.611154 0.498444 0.614854 
-0.309410 -0.255609 -0.915931 
-0.378738 0.242424 -0.893190 
-0.109613 0.985115 -0.132415 
0.243019 0.747057 0.618747 
0.329044 0.497867 0.802408 
0.056902 -0.271210 -0.960837 
-0.009200 0.233809 -0.972239 
-0.050502 0.985249 -0.163508 
-0.011701 0.746165 0.665658 
-0.002600 0.496945 0.867778 
0.408633 -0.362629 -0.837567 
0.370928 0.152412 -0.916069 
0.024400 0.980519 -0.194904 
-0.267117 0.742948 0.613740 
-0.334135 0.497252 0.800684 
0.704197 -0.386353 -0.595682 
0.705847 0.090606 -0.702546 
0.127805 0.969634 -0.208507 
-0.484868 0.738604 0.468366 
-0.615430 0.497024 0.611730 
0.907479 -0.309627 -0.283925 
0.915955 0.155509 -0.369922 
0.183306 0.973532 -0.136505 
-0.625238 0.740645 0.246015 
-0.802941 0.496826 0.329317 
0.964338 -0.255110 0.070503 
0.973752 0.227612 -0.000300 
0.179002 0.982510 -0.051301 
-0.667139 0.744843 -0.011601 
-0.867957 0.496633 -0.002600 
0.866671 -0.255921 0.428235 
0.899591 0.242925 0.362937 
0.171703 0.985016 0.016200 
-0.609647 0.747057 -0.265020 
-0.800364 0.497840 -0.334027 
0.636961 -0.256224 0.727069 
0.691967 0.242824 0.679866 
0.151813 0.985084 0.081007 
-0.461247 0.747476 -0.478049 
-0.611154 0.498444 -0.614854 
0.309410 -0.255609 0.915931 
0.378738 0.242424 0.893190 
0.109613 0.985115 0.132415 
-0.243019 0.747057 -0.618747 
-0.329044 0.497867 -0.802408 
-0.063506 -0.255225 0.964794 
0.008401 0.242315 0.970161 
0.050103 0.985052 0.164809 
0.011701 0.746259 -0.665553 
0.002600 0.496945 -0.867778 
-0.428235 -0.255921 0.866671 
-0.362937 0.242925 0.899591 
-0.016200 0.985016 0.171703 
0.265020 0.747057 -0.609647 
0.334027 0.497840 -0.800364 
-0.727069 -0.256224 0.636961 
-0.679866 0.242824 0.691967 
-0.081007 0.985084 0.151813 
0.478049 0.747476 -0.461247 
0.614854 0.498444 -0.611154 
-0.915931 -0.255609 0.309410 
-0.893190 0.242424 0.378738 
-0.132415 0.985115 0.109613 
0.618747 0.747057 -0.243019 
0.802408 0.497867 -0.329044 
0.914876 0.403734 0.000500 
0.941140 0.338015 0.001000 
0.978233 0.207507 0.001100 
0.997698 -0.067807 -0.000800 
0.844852 0.404525 0.350121 
0.868983 0.338732 0.360734 
0.903391 0.207921 0.375038 
0.922175 -0.068105 0.380731 
0.646074 0.405146 0.646874 
0.664431 0.339216 0.665931 
0.690744 0.208313 0.692444 
0.706065 -0.068106 0.704865 
0.349125 0.404530 0.845262 
0.358731 0.338829 0.869774 
0.372919 0.208011 0.904247 
0.382231 -0.067806 0.921576 
-0.000500 0.403734 0.914876 
-0.001000 0.338015 0.941140 
-0.001100 0.207507 0.978233 
0.000800 -0.067807 0.997698 
-0.350121 0.404525 0.844852 
-0.360734 0.338732 0.868983 
-0.375038 0.207921 0.903391 
-0.380731 -0.068105 0.922175 
-0.646874 0.405146 0.646074 
-0.665931 0.339216 0.664431 
-0.692444 0.208313 0.690744 
-0.704865 -0.068106 0.706065 
-0.845262 0.404530 0.349125 
-0.869774 0.338829 0.358731 
-0.904247 0.208011 0.372919 
-0.921576 -0.067806 0.382231 
-0.914876 0.403734 -0.000500 
-0.941140 0.338015 -0.001000 
-0.978233 0.207507 -0.001100 
-0.997698 -0.067807 0.000800 
-0.844852 0.404525 -0.350121 
-0.868983 0.338732 -0.360734 
-0.903391 0.207921 -0.375038 
-0.922175 -0.068105 -0.380731 
-0.646074 0.405146 -0.646874 
-0.664431 0.339216 -0.665931 
-0.690744 0.208313 -0.692444 
-0.706065 -0.068106 -0.704865 
-0.349125 0.404530 -0.845262 
-0.358731 0.338829 -0.869774 
-0.372919 0.208011 -0.904247 
-0.382231 -0.067806 -0.921576 
0.000500 0.403734 -0.914876 
0.001000 0.338015 -0.941140 
0.001100 0.207507 -0.978233 
-0.000800 -0.067807 -0.997698 
0.350121 0.404525 -0.844852 
0.360734 0.338732 -0.868983 
0.375038 0.207921 -0.903391 
0.380731 -0.068105 -0.922175 
0.646874 0.405146 -0.646074 
0.665931 0.339216 -0.664431 
0.692444 0.208313 -0.690744 
0.704865 -0.068106 -0.706065 
0.845262 0.404530 -0.349125 
0.869774 0.338829 -0.358731 
0.904247 0.208011 -0.372919 
0.921576 -0.067806 -0.382231 
0.895151 -0.445725 -0.005800 
0.723946 -0.689844 -0.004200 
0.697641 -0.716442 0.002700 
0.798155 -0.602441 0.003600 
0.829031 -0.446617 0.336513 
0.669852 -0.690753 0.272321 
0.642857 -0.717264 0.268824 
0.735440 -0.603433 0.308217 
0.636654 -0.447038 0.628354 
0.513939 -0.691352 0.507838 
0.490333 -0.717849 0.494233 
0.560930 -0.604032 0.566130 
0.347618 -0.446423 0.824542 
0.280320 -0.690749 0.666548 
0.263725 -0.717268 0.644961 
0.301419 -0.603438 0.738247 
0.005800 -0.445725 0.895151 
0.004200 -0.689844 0.723946 
-0.002700 -0.716442 0.697641 
-0.003600 -0.602441 0.798155 
-0.336513 -0.446617 0.829031 
-0.272321 -0.690753 0.669852 
-0.268824 -0.717264 0.642857 
-0.308217 -0.603433 0.735440 
-0.628354 -0.447038 0.636654 
-0.507838 -0.691352 0.513939 
-0.494233 -0.717849 0.490333 
-0.566130 -0.604032 0.560930 
-0.824542 -0.446423 0.347618 
-0.666548 -0.690749 0.280320 
-0.644961 -0.717268 0.263725 
-0.738247 -0.603438 0.301419 
-0.895151 -0.445725 0.005800 
-0.723946 -0.689844 0.004200 
-0.697641 -0.716442 -0.002700 
-0.798155 -0.602441 -0.003600 
-0.829031 -0.446617 -0.336513 
-0.669852 -0.690753 -0.272321 
-0.642857 -0.717264 -0.268824 
-0.735440 -0.603433 -0.308217 
-0.636654 -0.447038 -0.628354 
-0.513939 -0.691352 -0.507838 
-0.490333 -0.717849 -0.494233 
-0.560930 -0.604032 -0.566130 
-0.347618 -0.446423 -0.824542 
-0.280320 -0.690749 -0.666548 
-0.263725 -0.717268 -0.644961 
-0.301419 -0.603438 -0.738247 
-0.005800 -0.445725 -0.895151 
-0.004200 -0.689844 -0.723946 
0.002700 -0.716442 -0.697641 
0.003600 -0.602441 -0.798155 
0.336513 -0.446617 -0.829031 
0.272321 -0.690753 -0.669852 
0.268824 -0.717264 -0.642857 
0.308217 -0.603433 -0.735440 
0.628354 -0.447038 -0.636654 
0.507838 -0.691352 -0.513939 
0.494233 -0.717849 -0.490333 
0.566130 -0.604032 -0.560930 
0.824542 -0.446423 -0.347618 
0.666548 -0.690749 -0.280320 
0.644961 -0.717268 -0.263725 
0.738247 -0.603438 -0.301419 
0.593644 -0.804459 -0.020802 
0.166212 -0.986072 -0.005900 
0.051404 -0.998674 -0.002900 
0.000000 -1.000000 0.000000 
0.556031 -0.804944 0.207111 
0.155604 -0.986127 0.057802 
0.048604 -0.998677 0.016801 
0.433757 -0.805305 0.404153 
0.121310 -0.986183 0.112810 
0.038303 -0.998684 0.034103 
0.246116 -0.805054 0.539736 
0.068903 -0.986144 0.150907 
0.022302 -0.998683 0.046204 
0.020802 -0.804459 0.593644 
0.005900 -0.986072 0.166212 
0.002900 -0.998674 0.051404 
-0.207111 -0.804944 0.556031 
-0.057802 -0.986127 0.155604 
-0.016801 -0.998677 0.048604 
-0.404153 -0.805305 0.433757 
-0.112810 -0.986183 0.121310 
-0.034103 -0.998684 0.038303 
-0.539736 -0.805054 0.246116 
-0.150907 -0.986144 0.068903 
-0.046204 -0.998683 0.022302 
-0.593644 -0.804459 0.020802 
-0.166212 -0.986072 0.005900 
-0.051404 -0.998674 0.002900 
-0.556031 -0.804944 -0.207111 
-0.155604 -0.986127 -0.057802 
-0.048604 -0.998677 -0.016801 
-0.433757 -0.805305 -0.404153 
-0.121310 -0.986183 -0.112810 
-0.038303 -0.998684 -0.034103 
-0.246116 -0.805054 -0.539736 
-0.068903 -0.986144 -0.150907 
-0.022302 -0.998683 -0.046204 
-0.020802 -0.804459 -0.593644 
-0.005900 -0.986072 -0.166212 
-0.002900 -0.998674 -0.051404 
0.207111 -0.804944 -0.556031 
0.057802 -0.986127 -0.155604 
0.016801 -0.998677 -0.048604 
0.404153 -0.805305 -0.433757 
0.112810 -0.986183 -0.121310 
0.034103 -0.998684 -0.038303 
0.539736 -0.805054 -0.246116 
0.150907 -0.986144 -0.068903 
0.046204 -0.998683 -0.022302 
0.007700 -0.997628 0.068402 
0.040503 -0.999178 -0.001800 
0.191209 -0.981546 -0.002500 
0.635549 -0.772060 0.000600 
0.987955 -0.154709 -0.003300 
0.006501 -0.765691 0.643176 
0.035003 -0.841361 0.539339 
0.163013 -0.818265 0.551244 
0.485741 -0.624353 0.611751 
0.762050 -0.146010 0.630841 
-0.002400 0.237920 0.971282 
-0.011400 0.002200 0.999933 
-0.039103 -0.011301 0.999171 
-0.059103 -0.066303 0.996048 
-0.010000 -0.060501 0.998118 
-0.009400 0.903015 0.429507 
-0.050202 0.838538 0.542525 
-0.225720 0.795071 0.562950 
-0.585672 0.519864 0.621876 
-0.775985 0.043205 0.629269 
-0.010501 0.997595 -0.068507 
-0.056805 0.998385 0.000900 
-0.266720 0.963773 -0.001000 
-0.735560 0.677455 -0.002600 
-0.997083 0.076306 0.001900 
-0.007700 0.765635 -0.643229 
-0.042503 0.839859 -0.541138 
-0.198525 0.802700 -0.562370 
-0.540677 0.565180 -0.623089 
-0.773155 0.086106 -0.628345 
0.001900 -0.237708 -0.971335 
0.008501 -0.003100 -0.999959 
0.028203 0.002300 -0.999600 
0.047000 0.046600 -0.997807 
0.008901 0.048604 -0.998778 
0.007101 -0.902975 -0.429635 
0.037501 -0.840115 -0.541110 
0.173005 -0.815824 -0.551816 
0.533731 -0.585234 -0.610436 
0.771143 -0.074104 -0.632335 
0.945658 0.325120 -0.005200 
0.823695 0.566865 -0.013802 
0.644129 0.764835 -0.011201 
0.531528 0.843845 -0.073504 
0.746410 0.254038 0.615091 
0.665772 0.465351 0.583263 
0.540054 0.641464 0.544854 
0.482139 0.772462 0.413333 
0.005600 -0.035802 0.999343 
0.005800 -0.043801 0.999023 
0.017901 -0.036902 0.999159 
0.123301 0.199002 0.972211 
-0.721631 -0.307113 0.620427 
-0.602337 -0.529733 0.597137 
-0.473465 -0.679894 0.559977 
-0.376239 -0.668170 0.641867 
-0.926966 -0.375127 0.003800 
-0.754323 -0.656420 0.010500 
-0.569457 -0.821982 0.008101 
-0.480119 -0.874135 0.073303 
-0.736780 -0.275030 -0.617667 
-0.623052 -0.515643 -0.588149 
-0.485643 -0.677460 -0.552449 
-0.437328 -0.792150 -0.425727 
-0.002400 0.029102 -0.999574 
0.006200 0.030900 -0.999503 
-0.001500 0.029502 -0.999564 
-0.109005 -0.196909 -0.974343 
0.738339 0.270214 -0.617932 
0.648654 0.475640 -0.594150 
0.515378 0.651699 -0.556484 
0.399332 0.658253 -0.638151 
-0.229927 0.968014 0.100412 
-0.539631 0.841849 -0.009401 
-0.870758 0.491533 0.013301 
-0.875837 0.480820 0.041502 
-0.654350 0.756158 0.007101 
-0.131614 0.633966 0.762079 
-0.323210 0.684622 0.653321 
-0.608830 0.480624 0.631131 
-0.616440 0.419827 0.666143 
-0.447243 0.595257 0.667564 
0.130005 -0.139605 0.981636 
0.184617 0.100209 0.977688 
0.142004 0.188106 0.971829 
0.012301 0.138610 0.990271 
-0.008400 0.130305 0.991438 
0.358213 -0.765628 0.534319 
0.587446 -0.512440 0.626349 
0.783678 -0.241124 0.572457 
0.658852 -0.336627 0.672753 
0.425928 -0.547436 0.720347 
0.408906 -0.906914 -0.101502 
0.689462 -0.724265 0.009101 
0.924162 -0.381626 -0.016901 
0.852327 -0.521916 -0.033801 
0.575842 -0.817559 -0.001700 
0.293423 -0.592846 -0.749958 
0.564237 -0.542635 -0.622241 
0.770655 -0.242417 -0.589342 
0.663763 -0.296728 -0.686565 
0.447938 -0.514543 -0.731161 
0.028602 0.163910 -0.986061 
0.091108 0.051805 -0.994493 
0.163514 0.134812 -0.977286 
0.109309 0.141512 -0.983883 
0.039601 0.153005 -0.987432 
-0.179620 0.814091 -0.552262 
-0.396932 0.634251 -0.663454 
-0.621573 0.445452 -0.644375 
-0.587657 0.447243 -0.674265 
-0.411945 0.613567 -0.673674 
-0.372418 0.927845 -0.020201 
0.192121 0.972506 -0.131614 
0.999465 0.031302 0.009501 
0.688245 -0.703046 0.179012 
-0.272720 0.850561 0.449632 
0.017800 0.986116 -0.165103 
0.454347 0.273228 -0.847888 
0.517158 -0.487654 -0.703378 
-0.008101 0.567151 0.823574 
-0.052203 0.998249 0.027801 
-0.021302 0.630160 -0.776173 
0.072404 0.119806 -0.990154 
0.492167 -0.247034 0.834713 
0.108412 0.943202 0.314034 
-0.227412 0.882246 -0.412221 
-0.248317 0.680646 -0.689246 
0.688874 -0.721978 -0.064807 
0.604432 0.739739 0.295716 
-0.293024 0.955877 0.020902 
-0.370042 0.923905 -0.097311 
0.490959 -0.186422 -0.851003 
0.373421 0.876048 -0.305117 
-0.219821 0.849481 0.479646 
-0.313118 0.815448 0.486828 
0.026202 0.518343 -0.854771 
0.034902 0.996950 -0.069803 
0.012301 0.573553 0.819076 
-0.050005 0.315532 0.947596 
-0.249623 0.832177 -0.495146 
0.148014 0.983895 0.100210 
0.486320 0.236610 0.841135 
0.354729 -0.317326 0.879472 
0.000000 1.000000 0.000000 
0.893839 0.445220 0.053202 
0.911640 -0.410918 -0.007700 
0.940269 -0.340325 0.008501 
0.804453 0.593439 -0.026202 
0.805566 0.445237 0.390932 
0.845346 -0.412123 0.339919 
0.865542 -0.341217 0.366618 
0.753284 0.593966 0.282431 
0.593836 0.445127 0.670240 
0.649746 -0.412729 0.638345 
0.658537 -0.342019 0.670337 
0.587557 0.593758 0.549753 
0.290431 0.445448 0.846892 
0.354820 -0.411823 0.839348 
0.350819 -0.341518 0.871947 
0.332110 0.593618 0.733022 
-0.053202 0.445220 0.893839 
0.007700 -0.410918 0.911640 
-0.008501 -0.340325 0.940269 
0.026202 0.593439 0.804453 
-0.390932 0.445237 0.805566 
-0.339919 -0.412123 0.845346 
-0.366618 -0.341217 0.865542 
-0.282431 0.593966 0.753284 
-0.670240 0.445127 0.593836 
-0.638345 -0.412729 0.649746 
-0.670337 -0.342019 0.658537 
-0.549753 0.593758 0.587557 
-0.846892 0.445448 0.290431 
-0.839348 -0.411823 0.354820 
-0.871947 -0.341518 0.350819 
-0.733022 0.593618 0.332110 
-0.893839 0.445220 -0.053202 
-0.911640 -0.410918 0.007700 
-0.940269 -0.340325 -0.008501 
-0.804453 0.593439 0.026202 
-0.805566 0.445237 -0.390932 
-0.845346 -0.412123 -0.339919 
-0.865542 -0.341217 -0.366618 
-0.753284 0.593966 -0.282431 
-0.593836 0.445127 -0.670240 
-0.649746 -0.412729 -0.638345 
-0.658537 -0.342019 -0.670337 
-0.587557 0.593758 -0.549753 
-0.290431 0.445448 -0.846892 
-0.354820 -0.411823 -0.839348 
-0.350819 -0.341518 -0.871947 
-0.332110 0.593618 -0.733022 
0.053202 0.445220 -0.893839 
-0.007700 -0.410918 -0.911640 
0.008501 -0.340325 -0.940269 
-0.026202 0.593439 -0.804453 
0.390932 0.445237 -0.805566 
0.339919 -0.412123 -0.845346 
0.366618 -0.341217 -0.865542 
0.282431 0.593966 -0.753284 
0.670240 0.445127 -0.593836 
0.638345 -0.412729 -0.649746 
0.670337 -0.342019 -0.658537 
0.549753 0.593758 -0.587557 
0.846892 0.445448 -0.290431 
0.839348 -0.411823 -0.354820 
0.871947 -0.341518 -0.350819 
0.733022 0.593618 -0.332110 
0.246413 0.969150 -0.005400 
0.171919 0.985111 0.000500 
0.359525 0.933065 0.011501 
0.526342 0.849568 -0.034603 
0.229416 0.969269 0.088806 
0.158313 0.985180 0.066005 
0.327118 0.933352 0.147808 
0.499153 0.849990 0.168418 
0.177417 0.969391 0.169716 
0.120703 0.985225 0.121503 
0.245232 0.933521 0.261534 
0.395533 0.850571 0.346529 
0.099009 0.969287 0.225120 
0.065005 0.985182 0.158713 
0.126314 0.933304 0.336137 
0.233021 0.850277 0.471943 
0.005400 0.969150 0.246413 
-0.000500 0.985111 0.171919 
-0.011501 0.933065 0.359525 
0.034603 0.849568 0.526342 
-0.088806 0.969269 0.229416 
-0.066005 0.985180 0.158313 
-0.147808 0.933352 0.327118 
-0.168418 0.849990 0.499153 
-0.169716 0.969391 0.177417 
-0.121503 0.985225 0.120703 
-0.261534 0.933521 0.245232 
-0.346529 0.850571 0.395533 
-0.225120 0.969287 0.099009 
-0.158713 0.985182 0.065005 
-0.336137 0.933304 0.126314 
-0.471943 0.850277 0.233021 
-0.246413 0.969150 0.005400 
-0.171919 0.985111 -0.000500 
-0.359525 0.933065 -0.011501 
-0.526342 0.849568 0.034603 
-0.229416 0.969269 -0.088806 
-0.158313 0.985180 -0.066005 
-0.327118 0.933352 -0.147808 
-0.499153 0.849990 -0.168418 
-0.177417 0.969391 -0.169716 
-0.120703 0.985225 -0.121503 
-0.245232 0.933521 -0.261534 
-0.395533 0.850571 -0.346529 
-0.099009 0.969287 -0.225120 
-0.065005 0.985182 -0.158713 
-0.126314 0.933304 -0.336137 
-0.233021 0.850277 -0.471943 
-0.005400 0.969150 -0.246413 
0.000500 0.985111 -0.171919 
0.011501 0.933065 -0.359525 
-0.034603 0.849568 -0.526342 
0.088806 0.969269 -0.229416 
0.066005 0.985180 -0.158313 
0.147808 0.933352 -0.327118 
0.168418 0.849990 -0.499153 
0.169716 0.969391 -0.177417 
0.121503 0.985225 -0.120703 
0.261534 0.933521 -0.245232 
0.346529 0.850571 -0.395533 
0.225120 0.969287 -0.099009 
0.158713 0.985182 -0.065005 
0.336137 0.933304 -0.126314 
0.471943 0.850277 -0.233021 
